Problem name
============
  RosenSuzuki_cle0

Problem size
============
  Number of variables....................... :        4
  Number of equality constraints............ :        1
  Number of inequality constraints.......... :        3

Problem sparsity
================
  Nonzeros in Hessian of Lagrangian......... :        0
  Nonzeros in equality constraint Jacobian.. :        4
  Nonzeros in inequality constraint Jacobian :       12

======+=========================+====================================+=========================+===========================================================================+=======================
Iter. |  Objective     Infeas.  |  Pen. Par.   I.P. Par.  Opt. Error |    Merit     P.I.P. Err.|    Shift    ||P.Step||  ||D.Step||   Lin. Red.    Quad. Red.    Quality   | Pri. Step.  Dual Step.
======+=========================+====================================+=========================+===========================================================================+=======================
    0 | -1.9000e+01  1.0000e+00 | 1.0000e-01  1.0000e-01  2.7647e+00 | +1.5341e-01  2.7647e+00 | 0.0000e+00  6.2901e+01  6.9416e+00  +8.9026e+01  +4.4513e+01  +4.0984e+01 | 2.1293e-02  1.4739e-01
    1 | -3.7019e+01  1.3549e+00 | 1.0000e-01  1.0000e-01  3.4110e+00 | -1.0393e+00  3.4110e+00 | 1.6667e-12  4.7580e+01  1.0180e+00  +3.1067e+01  +1.5533e+01  +3.4229e+01 | 1.9738e-02  9.0034e-01
    2 | -3.1385e+01  2.8669e-01 | 1.0000e-01  1.0000e-01  7.5192e-01 | -1.1585e+00  7.5192e-01 | 0.0000e+00  7.1762e+00  9.1625e-01  +1.1609e+01  +5.8046e+00  +3.0462e+00 | 5.8207e-02  5.8266e-01
    3 | -2.9842e+01  1.8455e-02 | 1.0000e-01  1.0000e-01  5.7014e-01 | -1.2912e+00  5.7014e-01 | 1.6667e-12  3.4702e+01  5.4246e-01  +3.3013e+01  +1.6507e+01  +6.4809e+00 | 1.1203e-02  1.8804e-02
    4 | -3.3165e+01  2.4747e-01 | 1.0000e-01  1.0000e-01  5.6081e-01 | -1.4481e+00  5.6081e-01 | 1.6667e-12  1.7611e+02  6.0086e-01  +5.7416e+00  +2.8708e+00  +6.1839e+01 | 1.0908e-04  1.0000e+00
    5 | -3.3042e+01  2.2846e-01 | 1.0000e-01  1.0000e-01  1.8728e-01 | -1.4484e+00  1.0773e-01 | 1.6667e-12  9.5074e-01  2.4315e-02  +6.5925e-01  +3.2963e-01  +1.1486e-01 | 2.5000e-01  1.0000e+00
    6 | -3.2945e+01  2.3144e-01 | 1.0000e-01  1.0000e-01  2.8621e-01 | -1.5177e+00  2.8621e-01 | 1.6667e-12  1.1389e+00  3.2721e-01  +2.1899e-01  +1.0949e-01  +1.0542e-01 | 1.5209e-01  1.0000e+00
    7 | -3.3873e+01  2.7608e-01 | 1.0000e-01  1.0000e-01  1.3820e-01 | -1.5285e+00  1.3820e-01 | 1.6667e-12  1.2700e+00  2.0757e-01  +1.4766e-01  +7.3832e-02  +3.4487e-01 | 6.2500e-02  1.0000e+00
    8 | -3.4509e+01  3.5510e-01 | 1.0000e-01  1.0000e-01  9.9236e-02 | -2.8408e+00  8.0043e-02 | 1.6667e-12  3.6147e-01  9.2223e-02  +2.5837e-01  +1.2918e-01  +2.9783e-02 | 7.7760e-01  1.0000e+00
    9 | -3.3128e+01  2.0764e-03 | 1.0000e-01  1.0000e-02  1.7593e-01 | -2.9827e+00  1.7593e-01 | 0.0000e+00  5.7218e-01  2.7307e-01  +1.6790e-01  +8.3948e-02  +9.5837e-02 | 1.7177e-01  1.0000e+00
   10 | -3.3464e+01  4.6055e-03 | 1.0000e-01  1.0000e-02  8.2073e-02 | -3.0033e+00  8.2073e-02 | 1.6667e-12  2.7923e-01  1.1693e-01  +1.5375e-01  +7.6875e-02  +3.3220e-02 | 2.5000e-01  1.0000e+00
   11 | -3.3982e+01  5.9499e-02 | 1.0000e-01  1.0000e-02  7.1137e-02 | -3.0129e+00  7.1137e-02 | 1.6667e-12  5.2743e-02  9.8124e-02  +5.1639e-03  +2.5819e-03  +1.1516e-02 | 1.0000e+00  1.0000e+00
   12 | -3.3708e+01  2.2123e-02 | 1.0000e-01  1.0000e-02  2.7640e-02 | -3.0135e+00  2.7640e-02 | 0.0000e+00  5.3048e-02  4.6121e-02  +4.7734e-03  +2.3867e-03  +1.0002e-02 | 1.0000e+00  1.0000e+00
   13 | -3.3915e+01  4.1586e-02 | 1.0000e-01  1.0000e-02  4.3948e-02 | -3.0136e+00  4.3948e-02 | 0.0000e+00  4.1497e-02  5.7456e-02  +3.7730e-03  +1.8865e-03  +9.9994e-03 | 1.0000e+00  1.0000e+00
   14 | -3.3810e+01  3.2384e-02 | 1.0000e-01  1.0000e-02  2.9619e-02 | -3.0146e+00  2.9619e-02 | 0.0000e+00  3.1298e-02  3.7197e-02  +1.0687e-03  +5.3435e-04  +1.0005e-02 | 1.0000e+00  1.0000e+00 SOC
   15 | -3.3854e+01  3.9978e-02 | 1.0000e-01  1.0000e-02  4.4289e-02 | -3.0148e+00  4.4289e-02 | 0.0000e+00  1.4918e-02  5.1429e-02  +2.3622e-04  +1.1811e-04  +1.0000e-02 | 5.0000e-01  1.0000e+00
   16 | -3.3854e+01  3.8988e-02 | 1.0000e-01  1.0000e-02  8.3757e-03 | -3.3032e+00  6.9722e-03 | 1.6667e-12  3.7812e-02  5.3272e-03  +2.5685e-02  +1.2842e-02  +1.4662e-03 | 1.0000e+00  1.0000e+00
   17 | -3.3792e+01  3.8151e-03 | 1.0000e-01  1.0000e-03  2.8825e-02 | -3.3228e+00  2.8825e-02 | 0.0000e+00  6.4218e-03  2.9735e-02  +9.9193e-04  +4.9596e-04  +1.0213e-03 | 1.0000e+00  1.0000e+00
   18 | -3.3781e+01  3.2928e-03 | 1.0000e-01  1.0000e-03  4.9751e-03 | -3.3233e+00  4.9751e-03 | 0.0000e+00  5.3303e-04  4.6891e-03  +7.2448e-06  +3.6224e-06  +1.0048e-03 | 1.0000e+00  1.0000e+00
   19 | -3.3780e+01  3.3895e-03 | 1.0000e-01  1.0000e-03  8.1482e-04 | -3.3726e+00  7.6409e-04 | 0.0000e+00  5.1864e-03  5.1021e-04  +3.0058e-03  +1.5029e-03  +3.3158e-05 | 1.0000e+00  1.0000e+00
======+=========================+====================================+=========================+===========================================================================+=======================
Iter. |  Objective     Infeas.  |  Pen. Par.   I.P. Par.  Opt. Error |    Merit     P.I.P. Err.|    Shift    ||P.Step||  ||D.Step||   Lin. Red.    Quad. Red.    Quality   | Pri. Step.  Dual Step.
======+=========================+====================================+=========================+===========================================================================+=======================
   20 | -3.3779e+01  1.1344e-04 | 1.0000e-01  3.1623e-05  4.9369e-03 | -3.3753e+00  4.9369e-03 | 0.0000e+00  7.5818e-05  5.4781e-03  +6.2318e-06  +3.1159e-06  +3.1643e-05 | 1.0000e+00  1.0000e+00
   21 | -3.3779e+01  1.0474e-04 | 1.0000e-01  3.1623e-05  5.4908e-05 | -3.3753e+00  5.4908e-05 | 0.0000e+00  1.7915e-06  6.9665e-05  +1.7687e-09  +8.8434e-10  +3.1623e-05 | 1.0000e+00  1.0000e+00
   22 | -3.3779e+01  1.0494e-04 | 1.0000e-01  3.1623e-05  2.5665e-05 | -3.3777e+00  2.4729e-05 | 0.0000e+00  1.7422e-04  1.6013e-06  +1.0048e-04  +5.0240e-05  +1.7806e-07 | 1.0000e+00  1.0000e+00
   23 | -3.3779e+01  5.9069e-07 | 1.0000e-01  1.7783e-07  1.6837e-04 | -3.3778e+00  1.6837e-04 | 0.0000e+00  2.1178e-08  1.8795e-04  +8.3337e-10  +4.1668e-10  +1.7783e-07 | 1.0000e+00  1.0000e+00
   24 | -3.3779e+01  5.8964e-07 | 1.0000e-01  1.7783e-07  1.4433e-07 | -3.3779e+00  1.3980e-07 | 0.0000e+00  9.8625e-07  1.9863e-08  +5.7166e-07  +2.8583e-07  +7.5000e-11 | 1.0000e+00  1.0000e+00
   25 | -3.3779e+01  2.4869e-10 | 1.0000e-01  7.4989e-11  9.5389e-07 | -3.3779e+00  9.5389e-07 | 0.0000e+00  7.5804e-13  1.0650e-06  +1.9885e-15  +9.9427e-16  +7.4989e-11 | 9.7656e-04  1.0000e+00
   26 | -3.3779e+01  2.4869e-10 | 1.0000e-01  7.4989e-11  6.1009e-11 | -1.6889e+00  6.1604e-01 | 1.6667e-12  4.8430e-10  4.1205e-01  +4.2636e-10  +2.1318e-10  +2.2584e-10 | 4.0904e-01  1.0000e+00
   27 | -3.3779e+01  8.8818e-16 | 5.0000e-02  1.0000e-15  8.0468e-11 | -----------  ---------- | ----------  ----------  ----------  -----------  -----------  ----------- | ----------  ----------
======+=========================+====================================+=========================+===========================================================================+=======================

Final result
============
  EXIT: Optimal solution found

Final values
============
  Objective function........................ : -3.377858e+01
  Feasibility violation..................... : +8.881784e-16
  Optimality error (feasibility)............ : +6.160448e-01
  Optimality error (penalty)................ : +8.046763e-11
  Optimality error (penalty-interior-point). : +8.046763e-11
  Penalty parameter......................... : +5.000000e-02
  Interior-point parameter.................. : +1.000000e-15

Final counters
==============
  Iterations................................ : 27
  Function evaluations...................... : 78
  Gradient evaluations...................... : 29
  Hessian evaluations....................... : 28
  Matrix factorizations..................... : 28
  CPU seconds............................... : 1
