Problem name
============
  RosenSuzuki_cle0

Problem size
============
  Number of variables....................... :        4
  Number of equality constraints............ :        1
  Number of inequality constraints.......... :        3

Problem sparsity
================
  Nonzeros in Hessian of Lagrangian......... :        4
  Nonzeros in equality constraint Jacobian.. :        4
  Nonzeros in inequality constraint Jacobian :       12

======+=========================+====================================+=========================+===========================================================================+=======================
Iter. |  Objective     Infeas.  |  Pen. Par.   I.P. Par.  Opt. Error |    Merit     P.I.P. Err.|    Shift    ||P.Step||  ||D.Step||   Lin. Red.    Quad. Red.    Quality   | Pri. Step.  Dual Step.
======+=========================+====================================+=========================+===========================================================================+=======================
    0 | -1.9000e+01  1.0000e+00 | 1.0000e-01  1.0000e-01  2.7647e+00 | +1.5341e-01  2.7647e+00 | 0.0000e+00  1.1466e+01  1.6277e+00  +1.7787e+01  +8.8933e+00  +9.8796e-01 | 9.1976e-02  6.5875e-01
    1 | -3.4479e+01  1.0608e+00 | 1.0000e-01  1.0000e-01  1.3170e+00 | -1.1226e+00  1.3170e+00 | 1.6667e-12  2.8055e+00  3.4926e-01  +1.5738e+00  +7.8692e-01  +4.2515e-01 | 3.6121e-01  1.0000e+00
    2 | -2.8787e+01  4.1481e-02 | 1.0000e-01  1.0000e-01  7.5459e-01 | -1.1883e+00  7.5459e-01 | 0.0000e+00  4.4658e+00  6.2098e-01  +4.3932e+00  +2.1966e+00  +4.4804e-01 | 1.5036e-01  2.3682e-01
    3 | -3.4964e+01  3.3235e-01 | 1.0000e-01  1.0000e-01  4.0261e-01 | -1.3872e+00  4.0261e-01 | 1.6667e-12  2.3910e+00  5.4689e-01  +1.0153e+00  +5.0764e-01  +1.2590e+00 | 6.2500e-02  9.8312e-01
    4 | -3.6012e+01  4.7127e-01 | 1.0000e-01  1.0000e-01  1.8756e-01 | -1.4056e+00  1.0676e-01 | 1.6667e-12  3.8333e+00  3.3235e-01  +2.1480e+00  +1.0740e+00  +1.7774e+00 | 6.2500e-02  8.4857e-01
    5 | -3.5790e+01  5.2330e-01 | 1.0000e-01  1.0000e-01  1.8541e-01 | -1.4245e+00  1.0401e-01 | 1.6667e-12  3.1089e+00  2.5746e-01  +1.3087e+00  +6.5433e-01  +1.2879e+00 | 6.2500e-02  1.0000e+00
    6 | -3.5553e+01  5.3292e-01 | 1.0000e-01  1.0000e-01  2.2324e-01 | -1.4471e+00  1.4472e-01 | 1.6667e-12  2.9348e-01  9.2362e-02  +2.5279e-01  +1.2640e-01  +1.1388e-01 | 1.0000e+00  1.0000e+00
    7 | -3.5195e+01  4.4131e-01 | 1.0000e-01  1.0000e-01  2.0324e-01 | -1.5090e+00  2.0324e-01 | 0.0000e+00  6.5545e-01  2.3202e-01  +2.2792e-01  +1.1396e-01  +9.9954e-02 | 5.0000e-01  9.3429e-01
    8 | -3.4640e+01  2.7963e-01 | 1.0000e-01  1.0000e-01  1.9698e-01 | -1.5143e+00  1.9698e-01 | 1.6667e-12  1.2520e+00  1.6905e-01  +2.1612e-01  +1.0806e-01  +1.2272e-01 | 1.1284e-01  1.0000e+00
    9 | -3.5044e+01  2.9015e-01 | 1.0000e-01  1.0000e-01  1.0920e-01 | -2.9284e+00  4.2550e-02 | 1.6667e-12  2.1582e-01  4.5475e-02  +1.2981e-01  +6.4904e-02  +1.9461e-02 | 1.0000e+00  1.0000e+00
   10 | -3.3602e+01  4.2122e-04 | 1.0000e-01  1.0000e-02  1.0012e-01 | -2.9979e+00  1.0012e-01 | 0.0000e+00  9.8393e-02  4.9035e-02  +5.2133e-02  +2.6067e-02  +1.0018e-02 | 1.0000e+00  1.0000e+00
   11 | -3.3932e+01  3.7587e-02 | 1.0000e-01  1.0000e-02  6.4988e-02 | -3.0110e+00  6.4988e-02 | 0.0000e+00  3.1572e-02  8.0756e-02  +8.1926e-03  +4.0963e-03  +1.0286e-02 | 1.0000e+00  1.0000e+00
   12 | -3.3836e+01  3.3785e-02 | 1.0000e-01  1.0000e-02  2.0136e-02 | -3.0147e+00  2.0136e-02 | 0.0000e+00  1.1324e-02  3.1552e-02  +4.2530e-04  +2.1265e-04  +1.0488e-02 | 1.0000e+00  1.0000e+00
   13 | -3.3841e+01  3.8036e-02 | 1.0000e-01  1.0000e-02  8.4381e-03 | -3.3029e+00  7.0825e-03 | 0.0000e+00  4.3909e-02  5.3785e-03  +2.6273e-02  +1.3136e-02  +2.8709e-03 | 1.0000e+00  1.0000e+00
   14 | -3.3797e+01  4.2286e-03 | 1.0000e-01  1.0000e-03  2.9644e-02 | -3.3224e+00  2.9644e-02 | 0.0000e+00  6.1541e-03  3.5513e-02  +2.3273e-03  +1.1637e-03  +1.0149e-03 | 1.0000e+00  1.0000e+00
   15 | -3.3781e+01  3.2484e-03 | 1.0000e-01  1.0000e-03  3.8023e-03 | -3.3232e+00  3.8023e-03 | 0.0000e+00  1.0057e-03  4.9689e-03  +1.8598e-05  +9.2988e-06  +1.0074e-03 | 1.0000e+00  1.0000e+00
   16 | -3.3780e+01  3.3899e-03 | 1.0000e-01  1.0000e-03  8.1680e-04 | -3.3726e+00  7.5954e-04 | 0.0000e+00  5.2049e-03  5.4341e-04  +3.0057e-03  +1.5029e-03  +3.3709e-04 | 1.0000e+00  1.0000e+00
   17 | -3.3779e+01  1.1006e-04 | 1.0000e-01  3.1623e-05  4.6070e-03 | -3.3753e+00  4.6070e-03 | 0.0000e+00  8.3309e-05  5.2359e-03  +6.7714e-06  +3.3857e-06  +3.1712e-05 | 1.0000e+00  1.0000e+00
   18 | -3.3779e+01  1.0484e-04 | 1.0000e-01  3.1623e-05  5.5207e-05 | -3.3753e+00  5.5207e-05 | 0.0000e+00  2.1322e-06  5.6975e-05  +1.2561e-09  +6.2806e-10  +3.1623e-05 | 1.0000e+00  1.0000e+00
   19 | -3.3779e+01  1.0494e-04 | 1.0000e-01  3.1623e-05  2.5665e-05 | -3.3777e+00  2.4729e-05 | 0.0000e+00  1.7420e-04  8.1312e-06  +1.0048e-04  +5.0238e-05  +1.1634e-05 | 1.0000e+00  1.0000e+00
======+=========================+====================================+=========================+===========================================================================+=======================
Iter. |  Objective     Infeas.  |  Pen. Par.   I.P. Par.  Opt. Error |    Merit     P.I.P. Err.|    Shift    ||P.Step||  ||D.Step||   Lin. Red.    Quad. Red.    Quality   | Pri. Step.  Dual Step.
======+=========================+====================================+=========================+===========================================================================+=======================
   20 | -3.3779e+01  5.8741e-07 | 1.0000e-01  1.7783e-07  1.5889e-04 | -3.3778e+00  1.5889e-04 | 0.0000e+00  1.1946e-08  1.7961e-04  +8.1314e-10  +4.0657e-10  +1.7783e-07 | 1.0000e+00  1.0000e+00
   21 | -3.3779e+01  5.8965e-07 | 1.0000e-01  1.7783e-07  1.4433e-07 | -3.3779e+00  1.3980e-07 | 0.0000e+00  9.8627e-07  6.0506e-08  +5.7167e-07  +2.8583e-07  +6.5931e-08 | 1.0000e+00  1.0000e+00
   22 | -3.3779e+01  2.4854e-10 | 1.0000e-01  7.4989e-11  9.0040e-07 | -3.3779e+00  9.0040e-07 | 0.0000e+00  5.2933e-13  1.0178e-06  +1.9495e-15  +9.7476e-16  +7.4989e-11 | 1.0000e+00  1.0000e+00
   23 | -3.3779e+01  2.4865e-10 | 1.0000e-01  7.4989e-11  6.0864e-11 | -1.6889e+00  6.1604e-01 | 0.0000e+00  4.8396e-10  4.1205e-01  +4.2643e-10  +2.1321e-10  +2.2580e-10 | 4.0904e-01  1.0000e+00
   24 | -3.3779e+01  8.8818e-16 | 5.0000e-02  1.0000e-15  6.9367e-11 | -----------  ---------- | ----------  ----------  ----------  -----------  -----------  ----------- | ----------  ----------
======+=========================+====================================+=========================+===========================================================================+=======================

Final result
============
  EXIT: Optimal solution found

Final values
============
  Objective function........................ : -3.377858e+01
  Feasibility violation..................... : +8.881784e-16
  Optimality error (feasibility)............ : +6.160448e-01
  Optimality error (penalty)................ : +6.936651e-11
  Optimality error (penalty-interior-point). : +6.936651e-11
  Penalty parameter......................... : +5.000000e-02
  Interior-point parameter.................. : +1.000000e-15

Final counters
==============
  Iterations................................ : 24
  Function evaluations...................... : 52
  Gradient evaluations...................... : 26
  Hessian evaluations....................... : 25
  Matrix factorizations..................... : 25
  CPU seconds............................... : 1
